517
154
0
0
8
95
49
48
49
48
49
48
95
0
0
0
0
0
5
0
95
0
95
1
0
48
1
49
1
0
49
1
48
1
1
49
1
48
1
1
48
1
49
1
10
7
84
117
112
108
101
115
58
15
73
110
105
116
105
97
108
32
83
116
97
116
101
58
32
23
73
110
105
116
105
97
108
32
72
101
97
100
32
80
111
115
105
116
105
111
110
58
32
14
73
110
105
116
105
97
108
32
84
97
112
101
58
32
34
79
117
116
32
111
102
32
98
111
117
110
100
115
46
32
80
114
111
103
114
97
109
32
84
101
114
109
105
110
97
116
101
100
46
12
70
105
110
97
108
32
84
97
112
101
58
32
8
0
6
8
1
7
8
42
0
5
0
1
10
17
3
28
247
6
1
9
20
5
9
13
9
3
9
3
9
49
9
44
32
12
1
3
9
3
9
45
9
44
32
12
1
3
9
3
9
49
9
44
32
12
1
3
9
3
9
45
9
44
32
12
1
3
9
3
9
29
9
234
44
108
45
0
10
17
3
40
44
114
45
0
10
17
3
40
39
171
12
1
1
35
16
1
57
242
45
0
55
51
49
6
45
0
55
67
49
7
45
0
55
91
55
2
45
0
45
0
39
284
39
306
39
373
39
427
28
274
10
2
8
12
1
8
8
1
7
13
7
8
7
8
14
9
8
9
7
9
11
40
5
0
1
10
17
3
39
318
10
17
3
40
35
16
1
57
325
28
512
6
1
9
20
5
9
13
9
3
9
3
9
35
0
9
37
350
12
1
1
10
17
3
28
318
12
1
3
9
3
9
35
11
9
37
369
12
1
1
10
17
3
28
318
7
1
15
40
39
381
8
15
1
39
171
40
10
2
5
8
14
6
10
2
7
15
5
7
39
400
39
410
39
417
40
12
1
5
17
5
6
47
5
6
40
44
91
46
6
44
93
40
17
6
7
12
1
6
47
6
7
40
39
434
39
471
39
493
40
8
15
2
20
5
2
13
2
3
12
2
3
9
3
2
7
2
0
12
1
3
9
3
2
7
2
12
12
1
3
9
3
2
7
2
13
40
8
14
6
8
1
7
8
13
8
8
12
9
53
9
6
13
8
7
7
7
1
40
8
2
5
8
1
7
33
0
7
38
510
34
5
7
36
510
40
55
106
55
141
55
2
0
